$ 1 0.000005 10.20027730826997 50 5 50 5e-11
418 144 176 80 176 0 1 40 5 0 0 0.5 ext
r 144 176 256 176 0 75000
r 144 64 256 64 0 330000
R 144 64 80 64 0 0 40 9 0 0 0.5
r 256 176 368 176 0 20000
c 256 64 368 64 0 1e-8 -0.40003017295917975 0.001
c 368 176 368 272 0 4.700000000000001e-9 1.6666666666666214 0.001
g 368 272 368 304 0 0
w 256 64 256 176 0
a 448 192 592 192 9 9 0 1000000 1.666690999698225 1.6666666666666214 100000
w 368 176 448 176 0
r 592 192 592 288 0 24000
r 592 288 592 384 0 100000
g 592 384 592 400 0 0
w 592 288 448 288 0
w 448 208 448 288 0
w 592 192 592 64 0
w 592 64 368 64 0
O 592 192 800 192 0 0
x 95 -29 655 -26 4 12 https://electronics.stackexchange.com/questions/590446/how-to-simulate-external-voltage-source-in-falstad
o 0 64 0 4099 0.0000762939453125 0.00009765625 0 2 0 3
o 18 64 0 4098 5 0.1 1 1
