$ 1 0.000005 0.20306040966347483 50 5 50 5e-11
418 144 176 80 176 0 1 40 5 0 0 0.5 ext
O 400 176 608 176 0 0
x 95 -29 655 -26 4 12 https://electronics.stackexchange.com/questions/590446/how-to-simulate-external-voltage-source-in-falstad
r 144 176 272 176 0 10000
c 272 176 272 272 0 4.7000000000000004e-8 0.48078520686850296 0.001
g 272 272 272 288 0 0
r 272 176 400 176 0 100000
c 400 176 400 272 0 4.700000000000001e-9 0.5005151032539771 0.001
g 400 272 400 288 0 0
o 0 1 0 4099 5 0.00078125 0 2 0 3
o 1 8 0 4098 0.625 0.1 1 1
